<svg
  width="256"
  height="256"
  viewBox="0 0 256 256"
  xmlns="http://www.w3.org/2000/svg"
>
  <!-- No background: only the cobble shape -->
  <g
    fill-rule="evenodd"
    stroke="#000000"
    stroke-width="8"
    stroke-linejoin="round"
    stroke-linecap="round"
  >
    <!-- Top-left: lime green -->
    <path
      fill="#C5FF3F"
      d="
        M 128 40
        C 104 40, 80 48, 64 64
        C 48 80, 40 104, 40 128
        C 40 140, 44 150, 52 160
        C 70 140, 92 124, 116 116
        C 122 114, 126 112, 128 112
        C 128 112, 128 112, 128 112
        C 128 112, 128 76, 128 40
        Z
      "
    />

    <!-- Top-right: bright pink -->
    <path
      fill="#FF4BCF"
      d="
        M 128 40
        C 152 40, 176 48, 192 64
        C 208 80, 216 104, 216 128
        C 216 140, 212 150, 204 160
        C 186 140, 164 124, 140 116
        C 134 114, 130 112, 128 112
        C 128 112, 128 112, 128 112
        C 128 112, 128 76, 128 40
        Z
      "
    />

    <!-- Bottom-left: orange -->
    <path
      fill="#FF9A3F"
      d="
        M 40 128
        C 40 152, 48 176, 64 192
        C 80 208, 104 216, 128 216
        C 140 216, 150 212, 160 204
        C 140 186, 124 164, 116 140
        C 114 134, 112 130, 112 128
        C 112 128, 112 128, 112 128
        C 112 128, 76 128, 40 128
        Z
      "
    />

    <!-- Bottom-right: magenta -->
    <path
      fill="#FF1E8A"
      d="
        M 216 128
        C 216 152, 208 176, 192 192
        C 176 208, 152 216, 128 216
        C 116 216, 106 212, 96 204
        C 116 186, 132 164, 140 140
        C 142 134, 144 130, 144 128
        C 144 128, 144 128, 144 128
        C 144 128, 180 128, 216 128
        Z
      "
    />
  </g>
</svg>
